1 15 12 9 4 3 6 5 14 13 7 16 2 11 10 8 
2 11 10 8 14 13 7 16 1 15 12 9 3 6 5 4 
3 6 5 4 1 15 12 9 2 11 10 8 13 7 16 14 
13 7 16 14 2 11 10 8 3 6 5 4 15 12 9 1 
7 16 14 13 11 10 8 2 6 5 4 3 12 9 1 15 
15 12 9 1 3 6 5 4 13 7 16 14 11 10 8 2 
6 5 4 3 15 12 9 1 11 10 8 2 7 16 14 13 
11 10 8 2 13 7 16 14 15 12 9 1 6 5 4 3 
12 9 1 15 6 5 4 3 7 16 14 13 10 8 2 11 
10 8 2 11 7 16 14 13 12 9 1 15 5 4 3 6 
5 4 3 6 12 9 1 15 10 8 2 11 16 14 13 7 
16 14 13 7 10 8 2 11 5 4 3 6 9 1 15 12 
9 1 15 12 5 4 3 6 16 14 13 7 8 2 11 10 
8 2 11 10 16 14 13 7 9 1 15 12 4 3 6 5 
4 3 6 5 9 1 15 12 8 2 11 10 14 13 7 16 
14 13 7 16 8 2 11 10 4 3 6 5 1 15 12 9 


