16

1 15 0 9		0 0 6 0		0 0 0 0		0 11 10 0
0 11 10 0		14 0 0 16	0 15 12 9	3 0 0 4
0 0 0 0			1 0 0 9		0 11 10 8	13 0 0 0 
0 0 0 14		0 0 0 8		0 0 5 4		0 12 0 0 

7 0 0 13 		0 0 0 2		0 5 4 3		12 0 1 0
15 0 0 1		3 6 0 0 	13 0 0 14 	0 0 0 0
6 0 4 0			15 12 0 0 	0 0 0 2 	7 16 0 0
11 10 8 0 		0 7 0 0 	0 0 9 1		6 5 4 0

0 9 1 15		0 0 4 3 	0 16 14 0 	0 0 2 11
0 0 2 0 		0 0 0 13	12 9 1 15	5  0 0 0
0 4 3 0 		0 0 0 0 	10 0 0 0	0 14 0 0
16 14 0 7		0 8 2 0		0 4 0 6		0 0 15 12

0 1 15 0		0 4 0 6		0 0 13 0 	0 2 11 0
0 2 0 0 		16 0 0 7 	9 0 0 0		4 0 0 0
0 0 0 5			9 0 0 0 	8 0 11 10	0 13 0 16
14 0 7 16		8 0 11 0	0 3 0 0 	1 15 12 0